0.000000000000000000e+00 -2.000000000000000164e-05 1.599984000000000096e-04 3.999960000000000240e-05 1.000000000000000082e-05
1.000000000000000000e+03 -1.998000000000000123e-02 1.582431984000000069e-01 3.957039989999999730e-02 9.995000000000000412e-03
2.000000000000000000e+03 -3.998000000000000165e-02 3.134463983999999925e-01 7.837079989999999607e-02 1.999499999999999889e-02
3.000000000000000000e+03 -5.994000000000000022e-02 4.651487856000000032e-01 1.163135990999999980e-01 2.998500000000000124e-02
4.000000000000000000e+03 -7.992000000000000492e-02 6.138111743999999925e-01 1.534863984000000015e-01 3.998000000000000165e-02
5.000000000000000000e+03 -9.987999999999999656e-02 7.591359423999999301e-01 1.898319964000000082e-01 4.997000000000000053e-02
6.000000000000000000e+03 -1.198800000000000004e-01 9.015551424000000091e-01 2.254343964000000144e-01 5.997000000000000247e-02
7.000000000000000000e+03 -1.398199999999999998e-01 1.040361470399999932e+00 2.601407879000000034e-01 6.994499999999999329e-02
8.000000000000000000e+03 -1.597000000000000086e-01 1.175583640000000152e+00 2.939775676000000448e-01 7.990999999999999492e-02
9.000000000000000000e+03 -1.796399999999999941e-01 1.308037881600000008e+00 3.271055559000000112e-01 8.989500000000000268e-02
1.000000000000000000e+04 -1.996400000000000119e-01 1.437695481600000047e+00 3.595139559000000151e-01 9.989499999999999769e-02
1.100000000000000000e+04 -2.195799999999999974e-01 1.563778494399999941e+00 3.910399374999999900e-01 1.098750000000000004e-01
1.200000000000000000e+04 -2.395599999999999952e-01 1.686924025599999988e+00 4.218195270999999802e-01 1.198649999999999993e-01
1.300000000000000000e+04 -2.595600000000000129e-01 1.806994425600000120e+00 4.518303271000000398e-01 1.298650000000000082e-01
1.400000000000000000e+04 -2.795000000000000262e-01 1.923519000000000201e+00 4.809679100000000540e-01 1.398500000000000021e-01
1.500000000000000000e+04 -2.993999999999999995e-01 2.036638560000000098e+00 5.092518630999999241e-01 1.498150000000000037e-01
1.600000000000000000e+04 -3.193199999999999927e-01 2.146698950399999806e+00 5.367650150999999648e-01 1.597850000000000104e-01
1.700000000000000000e+04 -3.392999999999999905e-01 2.253902039999999829e+00 5.635557974999999553e-01 1.697750000000000092e-01
1.800000000000000000e+04 -3.591599999999999793e-01 2.357296377599999992e+00 5.894085084000000307e-01 1.797300000000000009e-01
1.900000000000000000e+04 -3.791599999999999970e-01 2.458230777599999861e+00 6.146301083999999859e-01 1.897300000000000098e-01
2.000000000000000000e+04 -3.991600000000000148e-01 2.555965177600000082e+00 6.390517084000000292e-01 1.997299999999999909e-01
2.100000000000000000e+04 -4.191400000000000126e-01 2.650406641600000057e+00 6.626516974999999698e-01 2.097249999999999948e-01
2.200000000000000000e+04 -4.391399999999999748e-01 2.741744241599999743e+00 6.854736974999999788e-01 2.197250000000000036e-01
2.300000000000000000e+04 -4.590799999999999881e-01 2.829622214400000058e+00 7.074316400000000282e-01 2.296999999999999875e-01
2.400000000000000000e+04 -4.790599999999999858e-01 2.914486065599999787e+00 7.286348155999999854e-01 2.396899999999999864e-01
2.500000000000000000e+04 -4.989799999999999791e-01 2.995915838399999753e+00 7.489795375999999116e-01 2.496599999999999930e-01
2.600000000000000000e+04 -5.189599999999999769e-01 3.074402073599999952e+00 7.685875099999999183e-01 2.596499999999999919e-01
2.700000000000000000e+04 -5.389199999999999546e-01 3.149620934399999683e+00 7.873778671000000173e-01 2.696350000000000136e-01
2.800000000000000000e+04 -5.589199999999999724e-01 3.221793734399999831e+00 8.054070670999999848e-01 2.796350000000000224e-01
2.900000000000000000e+04 -5.787999999999999812e-01 3.290362239999999883e+00 8.225257758999999780e-01 2.896050000000000013e-01
3.000000000000000000e+04 -5.987999999999999989e-01 3.356154239999999955e+00 8.389573758999999686e-01 2.996050000000000102e-01
3.100000000000000000e+04 -6.188000000000000167e-01 3.418746239999999936e+00 8.545889759000000474e-01 3.096050000000000191e-01
3.200000000000000000e+04 -6.387399999999999745e-01 3.477964849600000186e+00 8.693717111000001108e-01 3.195850000000000080e-01
3.300000000000000000e+04 -6.586600000000000232e-01 3.533948017600000213e+00 8.833440079000001166e-01 3.295549999999999868e-01
3.400000000000000000e+04 -6.786400000000000210e-01 3.586911001599999871e+00 8.965631899999999543e-01 3.395500000000000185e-01
3.500000000000000000e+04 -6.986400000000000388e-01 3.636728601599999777e+00 9.089991899999998459e-01 3.495500000000000274e-01
3.600000000000000000e+04 -7.185799999999999965e-01 3.683211134400000031e+00 9.205970974999999612e-01 3.595249999999999835e-01
3.700000000000000000e+04 -7.385800000000000143e-01 3.726638334400000030e+00 9.314350974999999755e-01 3.695249999999999924e-01
3.800000000000000000e+04 -7.585199999999999720e-01 3.766749638399999878e+00 9.414338199000000795e-01 3.795049999999999812e-01
3.900000000000000000e+04 -7.784200000000000008e-01 3.803609214400000216e+00 9.506124764000001282e-01 3.894699999999999829e-01
4.000000000000000000e+04 -7.983799999999999786e-01 3.837397502399999993e+00 9.590268335999999616e-01 3.994599999999999818e-01
4.100000000000000000e+04 -8.183799999999999963e-01 3.868056702400000102e+00 9.666700336000000338e-01 4.094599999999999906e-01
4.200000000000000000e+04 -8.383800000000000141e-01 3.895515902400000119e+00 9.735132335999999720e-01 4.194599999999999995e-01
4.300000000000000000e+04 -8.583600000000000119e-01 3.919752441600000026e+00 9.795507900000000046e-01 4.294499999999999984e-01
4.400000000000000000e+04 -8.781799999999999606e-01 3.940639550399999802e+00 9.846981358999999934e-01 4.393949999999999800e-01
4.500000000000000000e+04 -8.981799999999999784e-01 3.958530750400000020e+00 9.891465359000000124e-01 4.493949999999999889e-01
4.600000000000000000e+04 -9.181000000000000272e-01 3.973169560000000100e+00 9.927735615999999652e-01 4.593599999999999905e-01
4.700000000000000000e+04 -9.380800000000000249e-01 3.984663654399999810e+00 9.956223099999998993e-01 4.693499999999999894e-01
4.800000000000000000e+04 -9.580800000000000427e-01 3.992970854400000214e+00 9.976743099999999531e-01 4.793499999999999983e-01
4.900000000000000000e+04 -9.780799999999999494e-01 3.998078054400000081e+00 9.989263099999999840e-01 4.893500000000000072e-01
5.000000000000000000e+04 -9.977800000000000002e-01 3.999980286400000029e+00 9.992478390999999238e-01 4.992650000000000143e-01
5.100000000000000000e+04 -1.017759999999999998e+00 3.998738329600000085e+00 9.989073798999998921e-01 5.092550000000000132e-01
5.200000000000000000e+04 -1.037719999999999976e+00 3.994308806400000300e+00 9.977485199000002414e-01 5.192449999999999566e-01
5.300000000000000000e+04 -1.057719999999999994e+00 3.986673606400000125e+00 9.958089199000002001e-01 5.292449999999999655e-01
5.400000000000000000e+04 -1.077720000000000011e+00 3.975838406400000302e+00 9.930693199000002469e-01 5.392449999999999743e-01
5.500000000000000000e+04 -1.097720000000000029e+00 3.961803206399999944e+00 9.895297199000003818e-01 5.492449999999999832e-01
5.600000000000000000e+04 -1.117599999999999927e+00 3.944680960000000347e+00 9.851567035999999611e-01 5.592099999999999849e-01
5.700000000000000000e+04 -1.137520000000000087e+00 3.924352998399999848e+00 9.800037430999997135e-01 5.691850000000000520e-01
5.800000000000000000e+04 -1.157440000000000024e+00 3.900850585599999754e+00 9.740416110999998711e-01 5.791650000000000409e-01
5.900000000000000000e+04 -1.177359999999999962e+00 3.874173721600000064e+00 9.672826758999997221e-01 5.891450000000000298e-01
6.000000000000000000e+04 -1.197359999999999980e+00 3.844196121600000460e+00 9.597510758999996394e-01 5.991450000000000387e-01
6.100000000000000000e+04 -1.217300000000000049e+00 3.811122840000000345e+00 9.514025724000003681e-01 6.091299999999999493e-01
6.200000000000000000e+04 -1.237260000000000026e+00 3.774830769600000302e+00 9.422617023999997343e-01 6.191200000000000037e-01
6.300000000000000000e+04 -1.257239999999999913e+00 3.735310329599999868e+00 9.323272671000002454e-01 6.291149999999999798e-01
6.400000000000000000e+04 -1.277120000000000033e+00 3.692818022400000011e+00 9.216181403999998967e-01 6.390700000000000269e-01
6.500000000000000000e+04 -1.297120000000000051e+00 3.646878822399999720e+00 9.100925403999999830e-01 6.490700000000000358e-01
6.600000000000000000e+04 -1.317099999999999937e+00 3.597790360000000298e+00 8.977633030999998542e-01 6.590650000000000119e-01
6.700000000000000000e+04 -1.336959999999999926e+00 3.545831833600000316e+00 8.846154363999998438e-01 6.690300000000000136e-01
6.800000000000000000e+04 -1.356940000000000035e+00 3.490375345599999513e+00 8.707073584000004640e-01 6.790199999999999569e-01
6.900000000000000000e+04 -1.376779999999999893e+00 3.432147326399999976e+00 8.560013563999999686e-01 6.889699999999999713e-01
7.000000000000000000e+04 -1.396779999999999911e+00 3.370262526400000347e+00 8.404837564000000594e-01 6.989699999999999802e-01
7.100000000000000000e+04 -1.416700000000000070e+00 3.305444440000000483e+00 8.241963055999996790e-01 7.089400000000000146e-01
7.200000000000000000e+04 -1.436679999999999957e+00 3.237242310400000989e+00 8.070986204000001329e-01 7.189299999999999580e-01
7.300000000000000000e+04 -1.456679999999999975e+00 3.165773510399999324e+00 7.891842204000001360e-01 7.289299999999999669e-01
7.400000000000000000e+04 -1.476599999999999913e+00 3.091409759999999451e+00 7.704876038999999288e-01 7.389050000000000340e-01
7.500000000000000000e+04 -1.496580000000000021e+00 3.013633214400000426e+00 7.509751599999998639e-01 7.489000000000000101e-01
7.600000000000000000e+04 -1.516559999999999908e+00 2.932663065599999896e+00 7.306838716000001455e-01 7.588899999999999535e-01
7.700000000000000000e+04 -1.536499999999999977e+00 2.848670999999999509e+00 7.095956923999997557e-01 7.688700000000000534e-01
7.800000000000000000e+04 -1.556480000000000086e+00 2.761320038399999177e+00 6.876872470999999543e-01 7.788650000000000295e-01
7.900000000000000000e+04 -1.576480000000000103e+00 2.670683238399998771e+00 6.649780470999995252e-01 7.888650000000000384e-01
8.000000000000000000e+04 -1.596400000000000041e+00 2.577228160000000656e+00 6.415205711000000477e-01 7.988349999999999618e-01
8.100000000000000000e+04 -1.616379999999999928e+00 2.480302782400000794e+00 6.172161243999996216e-01 8.088300000000000489e-01
8.200000000000000000e+04 -1.636300000000000088e+00 2.380489239999999285e+00 5.921434879000000429e-01 8.188050000000000050e-01
8.300000000000000000e+04 -1.656279999999999974e+00 2.277186246399999447e+00 5.662422400000002298e-01 8.287999999999999812e-01
8.400000000000000000e+04 -1.676120000000000054e+00 2.171446982399999115e+00 5.395666496000002255e-01 8.387599999999999500e-01
8.500000000000000000e+04 -1.696080000000000032e+00 2.061890534399999808e+00 5.120737499999998832e-01 8.487500000000000044e-01
8.600000000000000000e+04 -1.715980000000000061e+00 1.949490558399999074e+00 4.838685435999998674e-01 8.587099999999999733e-01
8.700000000000000000e+04 -1.735899999999999999e+00 1.833804759999999590e+00 4.548154830999995291e-01 8.686850000000000405e-01
8.800000000000000000e+04 -1.755800000000000027e+00 1.715065440000000052e+00 4.250721470999994089e-01 8.786350000000000549e-01
8.900000000000000000e+04 -1.775800000000000045e+00 1.592537439999999194e+00 3.943813471000003901e-01 8.886349999999999527e-01
9.000000000000000000e+04 -1.795800000000000063e+00 1.466809440000000464e+00 3.628905471000001270e-01 8.986349999999999616e-01
9.100000000000000000e+04 -1.815700000000000092e+00 1.338534039999998981e+00 3.307105038999997859e-01 9.085950000000000415e-01
9.200000000000000000e+04 -1.835660000000000069e+00 1.206689457599999571e+00 2.976363910999997309e-01 9.185849999999999849e-01
9.300000000000000000e+04 -1.855660000000000087e+00 1.071383857599998990e+00 2.637495910999998472e-01 9.285849999999999937e-01
9.400000000000000000e+04 -1.875660000000000105e+00 9.328782575999987614e-01 2.290627911000000516e-01 9.385850000000000026e-01
9.500000000000000000e+04 -1.895540000000000003e+00 7.920324335999993082e-01 1.936515899999999846e-01 9.485500000000000043e-01
9.600000000000000000e+04 -1.915540000000000020e+00 6.471460336000003366e-01 1.573675899999997796e-01 9.585500000000000131e-01
9.700000000000000000e+04 -1.935459999999999958e+00 4.996583536000009929e-01 1.203185563999999985e-01 9.685300000000000020e-01
9.800000000000000000e+04 -1.955419999999999936e+00 3.486904944000013273e-01 8.248357909999981530e-02 9.785150000000000237e-01
9.900000000000000000e+04 -1.975340000000000096e+00 1.948475375999993986e-01 4.384053989999969758e-02 9.884950000000000125e-01
