0.000000000000000000e+00 -1.980000000000000016e-05 1.568144318399999904e-02 3.960060399000000196e-03 9.949999999999999603e-06
1.000000000000000000e+03 -1.998609999999999970e-02 1.580232832271600074e+01 3.957092299271000257e+00 1.000134999999999913e-02
2.000000000000000000e+03 -3.995699999999999946e-02 3.127719526039999920e+01 7.831297885358999622e+00 1.999394999999999992e-02
3.000000000000000000e+03 -5.992449999999999860e-02 4.642776451990000197e+01 1.162500381877500111e+01 2.998575000000000199e-02
4.000000000000000000e+03 -7.989889999999999493e-02 6.126987551151599121e+01 1.534014072777499926e+01 3.997925000000000090e-02
5.000000000000000000e+03 -9.986580000000000457e-02 7.578147599614399610e+01 1.897386675777499931e+01 4.997074999999999434e-02
6.000000000000000000e+03 -1.198340999999999990e-01 8.997625419087600562e+01 2.252803034199100196e+01 5.996264999999999928e-02
7.000000000000000000e+03 -1.397982000000000113e-01 1.038458341107040042e+02 2.600147093137599796e+01 6.995339999999999892e-02
8.000000000000000000e+03 -1.597666000000000086e-01 1.174028342097760174e+02 2.939601090971899922e+01 7.994545000000000123e-02
9.000000000000000000e+03 -1.797352000000000116e-01 1.306411575523839872e+02 3.271057212999100017e+01 8.993734999999998536e-02
1.000000000000000000e+04 -1.997054000000000051e-01 1.435627436843359988e+02 3.594561872597500241e+01 9.992974999999999774e-02
1.100000000000000000e+04 -2.196779000000000093e-01 1.561685365006359802e+02 3.910124781606400290e+01 1.099227999999999872e-01
1.200000000000000000e+04 -2.396530000000000049e-01 1.684588574363999953e+02 4.217737520441599486e+01 1.199164000000000063e-01
1.300000000000000000e+04 -2.596233000000000013e-01 1.804233596388440048e+02 4.517273956937499690e+01 1.299087500000000173e-01
1.400000000000000000e+04 -2.795912999999999871e-01 1.920656343857239676e+02 4.808791495183101006e+01 1.399006499999999875e-01
1.500000000000000000e+04 -2.995596999999999843e-01 2.033894804543639907e+02 5.092322148179898988e+01 1.498925500000000133e-01
1.600000000000000000e+04 -3.195263999999999882e-01 2.143920726812159785e+02 5.367832331295900161e+01 1.598839499999999969e-01
1.700000000000000000e+04 -3.394911999999999930e-01 2.250732308490240143e+02 5.635323203499099520e+01 1.698748499999999939e-01
1.800000000000000000e+04 -3.594712999999999936e-01 2.354554357905239783e+02 5.895089931397499328e+01 1.798697500000000227e-01
1.900000000000000000e+04 -3.794424000000000130e-01 2.455066948328959882e+02 6.146719562649600732e+01 1.898623999999999867e-01
2.000000000000000000e+04 -3.994147999999999588e-01 2.552405294163840210e+02 6.390386394211899557e+01 1.998554499999999901e-01
2.100000000000000000e+04 -4.193809000000000009e-01 2.646473302860760555e+02 6.625963522415598561e+01 2.098469000000000029e-01
2.200000000000000000e+04 -4.393457999999999530e-01 2.737337464089440573e+02 6.853526528943599772e+01 2.198379000000000028e-01
2.300000000000000000e+04 -4.593155999999999906e-01 2.825072814386560367e+02 7.073183726718400521e+01 2.298301999999999845e-01
2.400000000000000000e+04 -4.792901999999999996e-01 2.909675560735839781e+02 7.284931798142399373e+01 2.398238000000000036e-01
2.500000000000000000e+04 -4.992604999999999404e-01 2.991035288558999810e+02 7.488612547231599592e+01 2.498160999999999854e-01
2.600000000000000000e+04 -5.192261000000000237e-01 3.069149352315159831e+02 7.684243705439099870e+01 2.598073499999999925e-01
2.700000000000000000e+04 -5.392022999999999122e-01 3.144197322698839798e+02 7.872048791527099354e+01 2.698013499999999953e-01
2.800000000000000000e+04 -5.591766999999999710e-01 3.216032140708439897e+02 8.051837537359600105e+01 2.797948999999999575e-01
2.900000000000000000e+04 -5.791524999999999590e-01 3.284690938974999881e+02 8.223650814092400196e+01 2.897887000000000102e-01
3.000000000000000000e+04 -5.991279999999999939e-01 3.350154062464000049e+02 8.387473907750000990e+01 2.997825000000000073e-01
3.100000000000000000e+04 -6.191035999999999762e-01 3.412426289868159870e+02 8.543307038332400793e+01 3.097763000000000044e-01
3.200000000000000000e+04 -6.390708999999999973e-01 3.471416615092759912e+02 8.691030865183599019e+01 3.197678999999999938e-01
3.300000000000000000e+04 -6.590444999999999220e-01 3.527284464079000372e+02 8.830858878982398608e+01 3.297612000000000321e-01
3.400000000000000000e+04 -6.790179999999998994e-01 3.579959622704000708e+02 8.962697549190001212e+01 3.397545000000000148e-01
3.500000000000000000e+04 -6.989910000000000290e-01 3.629438063675999615e+02 9.086539142779099620e+01 3.497476499999999655e-01
3.600000000000000000e+04 -7.189600000000000435e-01 3.675684721599999421e+02 9.202335809756399954e+01 3.597396999999999956e-01
3.700000000000000000e+04 -7.389355000000000784e-01 3.718806087359000117e+02 9.310235310175899315e+01 3.697335499999999664e-01
3.800000000000000000e+04 -7.589037000000000699e-01 3.758663636505240220e+02 9.410041161596400627e+01 3.797252999999999878e-01
3.900000000000000000e+04 -7.788724999999999676e-01 3.795337582975000146e+02 9.501874994359098991e+01 3.897173500000000179e-01
4.000000000000000000e+04 -7.988455999999999335e-01 3.828862061442559934e+02 9.585769145273599179e+01 3.997104000000000212e-01
4.100000000000000000e+04 -8.188166999999999529e-01 3.859176363204439895e+02 9.661650900451898849e+01 4.097029500000000102e-01
4.200000000000000000e+04 -8.387896000000000241e-01 3.886316739727359391e+02 9.729567783360002409e+01 4.196960000000000135e-01
4.300000000000000000e+04 -8.587570999999999399e-01 3.910216848798360161e+02 9.789434398748399246e+01 4.296877000000000058e-01
4.400000000000000000e+04 -8.787327999999999806e-01 3.931000056816639585e+02 9.841410073583898566e+01 4.396815500000000321e-01
4.500000000000000000e+04 -8.987045999999999646e-01 3.948556919755360468e+02 9.885351719385599267e+01 4.496744000000000296e-01
4.600000000000000000e+04 -9.186732000000000786e-01 3.962895886407039256e+02 9.921262254437500872e+01 4.596662499999999985e-01
4.700000000000000000e+04 -9.386503999999998848e-01 3.974116506319361406e+02 9.949288620947902473e+01 4.696605499999999545e-01
4.800000000000000000e+04 -9.586287000000000003e-01 3.982153722145240522e+02 9.969332570379901881e+01 4.796550500000000272e-01
4.900000000000000000e+04 -9.786020999999999193e-01 3.986958283502360700e+02 9.981332580877501925e+01 4.896482499999999516e-01
5.000000000000000000e+04 -9.985762999999999723e-01 3.988577624313240335e+02 9.985349441977599838e+01 4.996416000000000190e-01
5.100000000000000000e+04 -1.018543600000000104e+00 3.986951771596159801e+02 9.981314532711100185e+01 5.096333499999999850e-01
5.200000000000000000e+04 -1.038515999999999995e+00 3.982175246975998562e+02 9.969342516921598474e+01 5.196264000000000438e-01
5.300000000000000000e+04 -1.058488700000000060e+00 3.974209539889239977e+02 9.949383348789999104e+01 5.296195000000000208e-01
5.400000000000000000e+04 -1.078459599999999963e+00 3.963039468671359487e+02 9.921418752895098692e+01 5.396121500000000681e-01
5.500000000000000000e+04 -1.098432300000000028e+00 3.948691477266838774e+02 9.885481996897500778e+01 5.496052499999999341e-01
5.600000000000000000e+04 -1.118409100000000045e+00 3.931180712148759540e+02 9.841589537580399849e+01 5.595993000000000217e-01
5.700000000000000000e+04 -1.138384899999999922e+00 3.910470673807960225e+02 9.789699808923101898e+01 5.695931499999999925e-01
5.800000000000000000e+04 -1.158360599999999963e+00 3.886567905470560049e+02 9.729816733935599871e+01 5.795869000000000160e-01
5.900000000000000000e+04 -1.178330399999999889e+00 3.859434489743360359e+02 9.661894665411098515e+01 5.895791500000000518e-01
6.000000000000000000e+04 -1.198303400000000130e+00 3.829130886193758556e+02 9.586011931197498370e+01 5.995722500000000288e-01
6.100000000000000000e+04 -1.218273700000000126e+00 3.795619611553239565e+02 9.502111210105599071e+01 6.095644000000000062e-01
6.200000000000000000e+04 -1.238251499999999838e+00 3.758962574991000452e+02 9.410290573702401673e+01 6.195587999999999651e-01
6.300000000000000000e+04 -1.258229400000000053e+00 3.719113187902559048e+02 9.310478874790400994e+01 6.295532000000000350e-01
6.400000000000000000e+04 -1.278198799999999968e+00 3.676022630714239767e+02 9.202616097190001199e+01 6.395454999999999890e-01
6.500000000000000000e+04 -1.298169600000000035e+00 3.629749502543360222e+02 9.086773945935597396e+01 6.495381000000000071e-01
6.600000000000000000e+04 -1.318142799999999948e+00 3.580298699232640729e+02 8.962961224687096262e+01 6.595313500000000717e-01
6.700000000000000000e+04 -1.338120999999999894e+00 3.527682445436001331e+02 8.831192037271098627e+01 6.695258499999999779e-01
6.800000000000000000e+04 -1.358089600000000230e+00 3.471825065487358302e+02 8.691365887397503798e+01 6.795177500000000315e-01
6.900000000000000000e+04 -1.378070600000000034e+00 3.412837773662558334e+02 8.543633481291897169e+01 6.895129500000000133e-01
7.000000000000000000e+04 -1.398038099999999950e+00 3.350593335793558936e+02 8.387825895135101462e+01 6.995046499999999501e-01
7.100000000000000000e+04 -1.418007499999999865e+00 3.285167403775001276e+02 8.224044907627900614e+01 7.094969500000000151e-01
7.200000000000000000e+04 -1.437979400000000130e+00 3.216562396702558999e+02 8.052287495797500583e+01 7.194897500000000390e-01
7.300000000000000000e+04 -1.457947899999999963e+00 3.144752047542359037e+02 7.872524506677494571e+01 7.294817500000000399e-01
7.400000000000000000e+04 -1.477919699999999947e+00 3.069765261407641788e+02 7.684789913989999377e+01 7.394745000000000346e-01
7.500000000000000000e+04 -1.497892400000000013e+00 2.991590952088959057e+02 7.489072669879901412e+01 7.494675499999999824e-01
7.600000000000000000e+04 -1.517861499999999975e+00 2.910212055271001077e+02 7.285348670875100652e+01 7.594596500000000416e-01
7.700000000000000000e+04 -1.537833400000000017e+00 2.825653199377757687e+02 7.073650077559901206e+01 7.694524499999999545e-01
7.800000000000000000e+04 -1.557805099999999943e+00 2.737902397655960272e+02 6.853963672316400846e+01 7.794453000000000076e-01
7.900000000000000000e+04 -1.577779299999999996e+00 2.646968845966040931e+02 6.626297897692398919e+01 7.894387000000000487e-01
8.000000000000000000e+04 -1.597750200000000120e+00 2.552833273599839572e+02 6.390628498662401569e+01 7.994311999999998974e-01
8.100000000000000000e+04 -1.617718400000000001e+00 2.455499081205759921e+02 6.146962819763102459e+01 8.094231499999999802e-01
8.200000000000000000e+04 -1.637696799999999842e+00 2.355003461079040505e+02 5.895345432409598629e+01 8.194175999999999682e-01
8.300000000000000000e+04 -1.657662200000000086e+00 2.251280386764637740e+02 5.635693991667099567e+01 8.294088499999999753e-01
8.400000000000000000e+04 -1.677631000000000094e+00 2.144376951355997960e+02 5.368067355563900378e+01 8.394009500000000346e-01
8.500000000000000000e+04 -1.697603799999999996e+00 2.034292760902240218e+02 5.092464570559997838e+01 8.493940000000000934e-01
8.600000000000000000e+04 -1.717571900000000040e+00 1.921006989321557796e+02 4.808860687703898407e+01 8.593859500000000651e-01
8.700000000000000000e+04 -1.737541100000000061e+00 1.804533803243161003e+02 4.517271889615599889e+01 8.693781000000000425e-01
8.800000000000000000e+04 -1.757513199999999998e+00 1.684875743303040565e+02 4.217702181843895204e+01 8.793709499999999846e-01
8.900000000000000000e+04 -1.777486900000000203e+00 1.562029181313558297e+02 3.910148095420397851e+01 8.893642999999999965e-01
9.000000000000000000e+04 -1.797458000000000000e+00 1.435987216944000124e+02 3.594599309467906778e+01 8.993569499999999328e-01
9.100000000000000000e+04 -1.817427800000000149e+00 1.306752519148637646e+02 3.271060023580401577e+01 9.093492999999999160e-01
9.200000000000000000e+04 -1.837403799999999920e+00 1.174335038982241599e+02 2.939542371923104014e+01 9.193431499999999978e-01
9.300000000000000000e+04 -1.857371400000000117e+00 1.038716793848157920e+02 2.600023658339901900e+01 9.293349499999998820e-01
9.400000000000000000e+04 -1.877339599999999997e+00 8.999091450873588371e+01 2.252517959377495416e+01 9.393267499999999881e-01
9.500000000000000000e+04 -1.897314000000000167e+00 7.579161496159998990e+01 1.897031196719894197e+01 9.493200500000000819e-01
9.600000000000000000e+04 -1.917284299999999941e+00 6.127291358940390609e+01 1.533552493749994028e+01 9.593125000000000124e-01
9.700000000000000000e+04 -1.937258499999999994e+00 4.643530447110009618e+01 1.162087869007606145e+01 9.693058999999999426e-01
9.800000000000000000e+04 -1.957236900000000057e+00 3.127861691135592892e+01 7.826352823935958547e+00 9.793004000000000708e-01
9.900000000000000000e+04 -1.977200999999999986e+00 1.580249263960024031e+01 3.951892697724033621e+00 9.892912999999999846e-01
