0.000000000000000000e+00 -8.499999999999999933e-06 2.889971099999999894e-03 7.839921599999999683e-05 1.399999999999999937e-06
1.000000000000000000e+03 -1.988869999999999874e-02 1.567035144492400001e+01 3.885905153975000026e+00 9.882250000000000409e-03
2.000000000000000000e+03 -3.986449999999999716e-02 3.115438745590000025e+01 7.762116069423999676e+00 1.987620000000000012e-02
3.000000000000000000e+03 -5.984130000000000699e-02 4.632074952572399695e+01 1.155854087116400031e+01 2.987029999999999894e-02
4.000000000000000000e+03 -7.980980000000000019e-02 6.115520952958399903e+01 1.527337840446399930e+01 3.986220000000000041e-02
5.000000000000000000e+03 -9.979040000000000132e-02 7.568892882713601011e+01 1.891076705468400121e+01 4.985730000000000023e-02
6.000000000000000000e+03 -1.197615999999999958e-01 8.988922046617599904e+01 2.246647230599900169e+01 5.985005000000000186e-02
7.000000000000000000e+03 -1.397357999999999933e-01 1.037748664793439985e+02 2.594277609683900110e+01 6.984345000000000137e-02
8.000000000000000000e+03 -1.597108000000000139e-01 1.173425289453440001e+02 2.933926106587900051e+01 7.983695000000000375e-02
9.000000000000000000e+03 -1.796820999999999835e-01 1.305856319758360087e+02 3.265530399916400484e+01 8.982969999999999844e-02
1.000000000000000000e+04 -1.996515000000000095e-01 1.435069318191000036e+02 3.589113952640000349e+01 9.982200000000000795e-02
1.100000000000000000e+04 -2.196298000000000139e-01 1.561217931807839818e+02 3.904862402375900388e+01 1.098164500000000099e-01
1.200000000000000000e+04 -2.396078000000000097e-01 1.684169280716640174e+02 4.212612728134399731e+01 1.198108000000000090e-01
1.300000000000000000e+04 -2.595822999999999880e-01 1.803879554106840146e+02 4.512299524927600913e+01 1.298040999999999778e-01
1.400000000000000000e+04 -2.795604999999999896e-01 1.920448151358999951e+02 4.804082328327100271e+01 1.397986499999999965e-01
1.500000000000000000e+04 -2.995380000000000265e-01 2.033814586223999754e+02 5.087857175211899374e+01 1.497929500000000080e-01
1.600000000000000000e+04 -3.195110999999999923e-01 2.143929375907160022e+02 5.363567360727100208e+01 1.597861499999999879e-01
1.700000000000000000e+04 -3.394827000000000261e-01 2.250833213602840317e+02 5.631262155475899789e+01 1.697789500000000118e-01
1.800000000000000000e+04 -3.594559999999999977e-01 2.354568216255999857e+02 5.890997784286400218e+01 1.797721999999999931e-01
1.900000000000000000e+04 -3.794254000000000238e-01 2.455061527339359486e+02 6.142676419705600210e+01 1.897643999999999997e-01
2.000000000000000000e+04 -3.994015000000000204e-01 2.552449523190999798e+02 6.386478954211099079e+01 1.997583500000000012e-01
2.100000000000000000e+04 -4.193769999999999998e-01 2.646637735484000018e+02 6.622281772815099998e+01 2.097521499999999983e-01
2.200000000000000000e+04 -4.393469999999999875e-01 2.737565806363999741e+02 6.850001397767900357e+01 2.197444499999999801e-01
2.300000000000000000e+04 -4.593192999999999859e-01 2.825331310590040061e+02 7.069773021649599798e+01 2.297373999999999805e-01
2.400000000000000000e+04 -4.792846999999999524e-01 2.909822493383639994e+02 7.281452984767101100e+01 2.397286499999999876e-01
2.500000000000000000e+04 -4.992618000000000333e-01 2.991264156243040020e+02 7.485320386406399962e+01 2.497228000000000225e-01
2.600000000000000000e+04 -5.192381000000000357e-01 3.069503786033560004e+02 7.681188291910399357e+01 2.597167999999999699e-01
2.700000000000000000e+04 -5.392086999999999852e-01 3.144484859377240014e+02 7.868978499740400423e+01 2.697092999999999852e-01
2.800000000000000000e+04 -5.591801000000000688e-01 3.216284491055960189e+02 8.048795099031900691e+01 2.797020499999999799e-01
2.900000000000000000e+04 -5.791486000000000134e-01 3.284860708472160127e+02 8.220580905783899084e+01 2.896940499999999807e-01
3.000000000000000000e+04 -5.991168999999999523e-01 3.350244804537559844e+02 8.384368442391100018e+01 2.996858500000000314e-01
3.100000000000000000e+04 -6.190908999999999995e-01 3.412501514148760293e+02 8.540251572211099074e+01 3.096791500000000141e-01
3.200000000000000000e+04 -6.390656000000000114e-01 3.471573899586559833e+02 8.688153432369600182e+01 3.196725999999999734e-01
3.300000000000000000e+04 -6.590358999999998968e-01 3.527407390044760405e+02 8.828012182339898573e+01 3.296650499999999595e-01
3.400000000000000000e+04 -6.790112000000000370e-01 3.580103057098240242e+02 8.959948951937499828e+01 3.396587499999999538e-01
3.500000000000000000e+04 -6.989752000000000187e-01 3.629490215139839506e+02 9.083748288793599102e+01 3.496496000000000048e-01
3.600000000000000000e+04 -7.189507999999998900e-01 3.675806348717440528e+02 9.199712453457600247e+01 3.596434000000000020e-01
3.700000000000000000e+04 -7.389183000000000279e-01 3.718849443700439679e+02 9.307578762459900190e+01 3.696350499999999650e-01
3.800000000000000000e+04 -7.588796000000000985e-01 3.758642058815359519e+02 9.407381949499099960e+01 3.796251500000000223e-01
3.900000000000000000e+04 -7.788567000000000684e-01 3.795399711460439676e+02 9.499402385745601407e+01 3.896194000000000046e-01
4.000000000000000000e+04 -7.988303000000001042e-01 3.828931483207639417e+02 9.583386719948401833e+01 3.996126999999999874e-01
4.100000000000000000e+04 -8.188039000000000289e-01 3.859271473379159829e+02 9.659376967407598613e+01 4.096059000000000228e-01
4.200000000000000000e+04 -8.387699999999999045e-01 3.886351020400000493e+02 9.727294953308398817e+01 4.195973000000000064e-01
4.300000000000000000e+04 -8.587454999999999394e-01 3.910326316919000078e+02 9.787333360395899717e+01 4.295910500000000298e-01
4.400000000000000000e+04 -8.787170999999999177e-01 3.931075164670360209e+02 9.839339602767098825e+01 4.395838499999999982e-01
4.500000000000000000e+04 -8.986895999999999773e-01 3.948640451407359819e+02 9.883370151147897786e+01 4.495769500000000307e-01
4.600000000000000000e+04 -9.186617999999999729e-01 3.963012204883040113e+02 9.919405480559602495e+01 4.595698999999999756e-01
4.700000000000000000e+04 -9.386324999999999807e-01 3.974180339775000448e+02 9.947435271999898987e+01 4.695624500000000201e-01
4.800000000000000000e+04 -9.586087000000000913e-01 3.982203181137239767e+02 9.967534948761600333e+01 4.795564000000000493e-01
4.900000000000000000e+04 -9.785831000000000390e-01 3.987018821577560175e+02 9.979623844599097993e+01 4.895498500000000086e-01
5.000000000000000000e+04 -9.985555999999999877e-01 3.988627750834559720e+02 9.983703418726400969e+01 4.995427999999999535e-01
5.100000000000000000e+04 -1.018526099999999879e+00 3.987030018475160773e+02 9.979776742156398939e+01 5.095353000000000243e-01
5.200000000000000000e+04 -1.038494199999999923e+00 3.982223586265440076e+02 9.967837306515100693e+01 5.195271499999999376e-01
5.300000000000000000e+04 -1.058458600000000027e+00 3.974199880344159510e+02 9.947868111255098711e+01 5.295178499999999566e-01
5.400000000000000000e+04 -1.078420700000000121e+00 3.962970875246039668e+02 9.919893637440000589e+01 5.395079999999999876e-01
5.500000000000000000e+04 -1.098393900000000034e+00 3.948632869771159903e+02 9.884036839960002396e+01 5.495010000000000172e-01
5.600000000000000000e+04 -1.118363500000000066e+00 3.931078363471000330e+02 9.840163146150398177e+01 5.594932000000000238e-01
5.700000000000000000e+04 -1.138334200000000074e+00 3.910340804441439104e+02 9.788315383934401837e+01 5.694858000000000420e-01
5.800000000000000000e+04 -1.158301999999999943e+00 3.886393387183998698e+02 9.728452783929598979e+01 5.794776000000000371e-01
5.900000000000000000e+04 -1.178278399999999948e+00 3.859312064373760336e+02 9.660673459623897941e+01 5.894715500000000663e-01
6.000000000000000000e+04 -1.198252099999999931e+00 3.829021223382360972e+02 9.584883114579099583e+01 5.994648500000000491e-01
6.100000000000000000e+04 -1.218223199999999951e+00 3.795522859927039008e+02 9.501081855579899127e+01 6.094574500000000672e-01
6.200000000000000000e+04 -1.238199199999999944e+00 3.758863060477440854e+02 9.409331629327100188e+01 6.194513499999999562e-01
6.300000000000000000e+04 -1.258175099999999880e+00 3.719010474959960106e+02 9.309588335659098846e+01 6.294451500000000088e-01
6.400000000000000000e+04 -1.278146500000000074e+00 3.675939894150999976e+02 9.201824781743600568e+01 6.394379000000000035e-01
6.500000000000000000e+04 -1.298117399999999755e+00 3.629675791268961689e+02 9.086064629955100713e+01 6.494303499999999341e-01
6.600000000000000000e+04 -1.318090500000000054e+00 3.580232907238998337e+02 8.962335465909997367e+01 6.594235000000000513e-01
6.700000000000000000e+04 -1.338060000000000027e+00 3.527579649599999811e+02 8.830589639065605922e+01 6.694155999999999995e-01
6.800000000000000000e+04 -1.358029900000000012e+00 3.471738342823961148e+02 8.690864101440006095e+01 6.794080000000000119e-01
6.900000000000000000e+04 -1.377998900000000138e+00 3.412702186395159742e+02 8.543144517199100108e+01 6.894001499999999893e-01
7.000000000000000000e+04 -1.397974199999999945e+00 3.350505608537441162e+02 8.387475525711600710e+01 6.993939000000000128e-01
7.100000000000000000e+04 -1.417950600000000172e+00 3.285122015838558127e+02 8.223823465791902265e+01 7.093879499999999894e-01
7.200000000000000000e+04 -1.437919599999999853e+00 3.216513319743360739e+02 8.052139781439102251e+01 7.193801499999998850e-01
7.300000000000000000e+04 -1.457889600000000119e+00 3.144718920847360550e+02 7.872471949749997577e+01 7.293725000000000902e-01
7.400000000000000000e+04 -1.477860900000000033e+00 3.069739381004760617e+02 7.684823501158399495e+01 7.393652000000000557e-01
7.500000000000000000e+04 -1.497833699999999935e+00 2.991574992577241119e+02 7.489192783710397805e+01 7.493582000000000853e-01
7.600000000000000000e+04 -1.517806899999999848e+00 2.910220565249561560e+02 7.285575920127099891e+01 7.593513499999999805e-01
7.700000000000000000e+04 -1.537783099999999958e+00 2.825685897417560000e+02 7.073983942097504496e+01 7.693452499999999805e-01
7.800000000000000000e+04 -1.557757700000000023e+00 2.737953076362841216e+02 6.854395412582401548e+01 7.793387999999999982e-01
7.900000000000000000e+04 -1.577732000000000134e+00 2.647027480703999913e+02 6.626817219739103848e+01 7.893323500000000159e-01
8.000000000000000000e+04 -1.597698200000000179e+00 2.552884758867038215e+02 6.391213852027096465e+01 7.993236500000000522e-01
8.100000000000000000e+04 -1.617669500000000093e+00 2.455567887078999831e+02 6.147644582172404881e+01 8.093162999999999885e-01
8.200000000000000000e+04 -1.637637699999999974e+00 2.355051594154840870e+02 5.896077129277498585e+01 8.193082499999999602e-01
8.300000000000000000e+04 -1.657609899999999969e+00 2.251355833687962047e+02 5.636537132732395605e+01 8.293013000000000190e-01
8.400000000000000000e+04 -1.677584999999999882e+00 2.144476247099999568e+02 5.369015946179901277e+01 8.392949499999999841e-01
8.500000000000000000e+04 -1.697564000000000073e+00 2.034414023615998985e+02 5.093515887589997959e+01 8.492895000000000305e-01
8.600000000000000000e+04 -1.717527399999999815e+00 1.921124800996961142e+02 4.809981562639095642e+01 8.592801500000000203e-01
8.700000000000000000e+04 -1.737495500000000082e+00 1.804656489919000819e+02 4.518473294815605357e+01 8.692718999999999863e-01
8.800000000000000000e+04 -1.757470899999999947e+00 1.685011618612761879e+02 4.218996366265604792e+01 8.792655999999999805e-01
8.900000000000000000e+04 -1.777444099999999860e+00 1.562171113500761521e+02 3.911525737867104624e+01 8.892588499999999341e-01
9.000000000000000000e+04 -1.797412600000000138e+00 1.436132005444959248e+02 3.596056886963899046e+01 8.992509499999999933e-01
9.100000000000000000e+04 -1.817385400000000040e+00 1.306908799467358051e+02 3.272607691583907297e+01 9.092440499999999703e-01
9.200000000000000000e+04 -1.837356499999999837e+00 1.174492299630999383e+02 2.941167067977497851e+01 9.192367500000000469e-01
9.300000000000000000e+04 -1.857329400000000241e+00 1.038886695582559270e+02 2.601740417839595310e+01 9.292298999999999420e-01
9.400000000000000000e+04 -1.877306700000000106e+00 9.000937885404418637e+01 2.254329892271096369e+01 9.392241500000000354e-01
9.500000000000000000e+04 -1.897277499999999950e+00 7.581034919750003098e+01 1.898922310777503242e+01 9.492167499999999425e-01
9.600000000000000000e+04 -1.917252799999999979e+00 6.129252835686406087e+01 1.535529714956399339e+01 9.592103000000000712e-01
9.700000000000000000e+04 -1.937228299999999903e+00 4.645547467164433186e+01 1.164147548543893151e+01 9.692040499999999836e-01
9.800000000000000000e+04 -1.957194000000000100e+00 3.129896734559966731e+01 7.847718450975007976e+00 9.791952499999999615e-01
9.900000000000000000e+04 -1.977166499999999827e+00 1.582361371110018844e+01 3.974112657243968005e+00 9.891883000000000203e-01
