0.000000000000000000e+00 -1.800000000000000046e-05 2.249977499999999964e-03 1.488360116250000064e-03 9.449999999999999308e-06
1.000000000000000000e+03 -1.241570000000000000e-02 1.072188013438194476e+00 4.299240391933333849e-01 4.597799999999999977e-03
2.000000000000000000e+03 -2.490279999999999924e-02 2.138886288344444608e+00 9.128411482066667304e-01 9.477400000000000407e-03
3.000000000000000000e+03 -3.687850000000000156e-02 3.094352308177082733e+00 1.177659114159999909e+00 1.297519999999999923e-02
4.000000000000000000e+03 -4.909449999999999925e-02 4.074901463177083016e+00 1.558591638599583273e+00 1.736154999999999990e-02
5.000000000000000000e+03 -6.163020000000000304e-02 5.086372669997222928e+00 1.993531927182916608e+00 2.205905000000000019e-02
6.000000000000000000e+03 -7.432039999999999480e-02 6.100828204433333291e+00 2.493166832291667134e+00 2.729750000000000232e-02
7.000000000000000000e+03 -8.667969999999999842e-02 7.036646569993751044e+00 2.875748890582916939e+00 3.181504999999999750e-02
8.000000000000000000e+03 -9.893960000000000254e-02 7.936803024433332965e+00 3.264565549712917125e+00 3.653164999999999885e-02
9.000000000000000000e+03 -1.113352999999999982e-01 8.836744998188194700e+00 3.672659131093333862e+00 4.138119999999999993e-02
1.000000000000000000e+04 -1.230977000000000043e-01 9.616260781577084416e+00 3.864311363973333524e+00 4.447960000000000108e-02
1.100000000000000000e+04 -1.352394999999999847e-01 1.043516240553819507e+01 4.150858579906250512e+00 4.841924999999999701e-02
1.200000000000000000e+04 -1.474745000000000084e-01 1.124564422567708277e+01 4.514003297449583840e+00 5.315054999999999780e-02
1.300000000000000000e+04 -1.600654000000000243e-01 1.209142220297500181e+01 4.921970399529583595e+00 5.813134999999999830e-02
1.400000000000000000e+04 -1.722671000000000063e-01 1.285960272622152800e+01 5.215835030212915946e+00 6.204085000000000155e-02
1.500000000000000000e+04 -1.847512000000000043e-01 1.364541917351110989e+01 5.575410018029583803e+00 6.679865000000000108e-02
1.600000000000000000e+04 -1.969809999999999894e-01 1.437327428048611111e+01 5.888950350000000000e+00 7.123000000000000165e-02
1.700000000000000000e+04 -2.093081999999999998e-01 1.509201579255277714e+01 6.160325042562916131e+00 7.538535000000000375e-02
1.800000000000000000e+04 -2.211651000000000034e-01 1.572557219041597421e+01 6.341114459616250087e+00 7.872055000000000025e-02
1.900000000000000000e+04 -2.333613999999999966e-01 1.638568187430833234e+01 6.597054645166665843e+00 8.287300000000000222e-02
2.000000000000000000e+04 -2.460540999999999978e-01 1.709574381063819359e+01 6.998791848073334876e+00 8.824659999999999449e-02
2.100000000000000000e+04 -2.582585000000000020e-01 1.771449529012152624e+01 7.211494841273333734e+00 9.196059999999998957e-02
2.200000000000000000e+04 -2.702904999999999891e-01 1.829176712567708663e+01 7.417873163946250514e+00 9.555115000000000136e-02
2.300000000000000000e+04 -2.823860000000000259e-01 1.885606354194444023e+01 7.633199691896250805e+00 9.958214999999999428e-02
2.400000000000000000e+04 -2.945872999999999964e-01 1.941318581102152763e+01 7.869777452118333905e+00 1.038277000000000089e-01
2.500000000000000000e+04 -3.067963000000000218e-01 1.995258453516041541e+01 8.081994021139999873e+00 1.076854000000000006e-01
2.600000000000000000e+04 -3.185111999999999943e-01 2.040736468573333440e+01 8.186325023146249436e+00 1.107928499999999983e-01
2.700000000000000000e+04 -3.308381000000000238e-01 2.092330490197152670e+01 8.453302344029586024e+00 1.152338499999999988e-01
2.800000000000000000e+04 -3.428903999999999841e-01 2.138005899915555830e+01 8.648875076606667989e+00 1.192005999999999899e-01
2.900000000000000000e+04 -3.546029999999999460e-01 2.177648183270833471e+01 8.733895564625001384e+00 1.219284999999999952e-01
3.000000000000000000e+04 -3.668847000000000080e-01 2.222319832679930940e+01 8.984625761746251271e+00 1.265151499999999929e-01
3.100000000000000000e+04 -3.792204000000000130e-01 2.265549820998888819e+01 9.225529798518335767e+00 1.310332999999999914e-01
3.200000000000000000e+04 -3.912588999999999650e-01 2.302697126186042098e+01 9.375722015416251054e+00 1.349874500000000088e-01
3.300000000000000000e+04 -4.037958999999999854e-01 2.344185487105486132e+01 9.642565926291666756e+00 1.398065000000000002e-01
3.400000000000000000e+04 -4.165587000000000040e-01 2.385996142043819290e+01 9.931852667939999435e+00 1.450894000000000073e-01
3.500000000000000000e+04 -4.285277000000000114e-01 2.416275550921597315e+01 1.002019148370666635e+01 1.485424000000000189e-01
3.600000000000000000e+04 -4.410954000000000264e-01 2.451262361797499878e+01 1.027945338734958547e+01 1.539365500000000053e-01
3.700000000000000000e+04 -4.535054000000000030e-01 2.482797737297500618e+01 1.048959236539625017e+01 1.584753500000000148e-01
3.800000000000000000e+04 -4.663219999999999588e-01 2.516260196638888402e+01 1.076650710182291704e+01 1.640462500000000046e-01
3.900000000000000000e+04 -4.785195000000000420e-01 2.540935091109374966e+01 1.091366914113166864e+01 1.682138999999999995e-01
4.000000000000000000e+04 -4.905617999999999923e-01 2.561628210977500331e+01 1.100214235991833434e+01 1.718993000000000049e-01
4.100000000000000000e+04 -5.031190999999999303e-01 2.585931140383264548e+01 1.118918169691625053e+01 1.765649499999999983e-01
4.200000000000000000e+04 -5.148684999999999512e-01 2.599921546581597553e+01 1.124979369785999950e+01 1.796777999999999986e-01
4.300000000000000000e+04 -5.274286000000000252e-01 2.620118749319722440e+01 1.144714453056000103e+01 1.845108000000000026e-01
4.400000000000000000e+04 -5.401494000000000018e-01 2.639624719997500080e+01 1.167809287183333211e+01 1.901370000000000005e-01
4.500000000000000000e+04 -5.526771999999999796e-01 2.655167406945555797e+01 1.184331101796624708e+01 1.948179500000000175e-01
4.600000000000000000e+04 -5.648740999999999346e-01 2.664870681591597901e+01 1.192823510294958567e+01 1.988794499999999854e-01
4.700000000000000000e+04 -5.766344999999999388e-01 2.668872211178819853e+01 1.196843861391833386e+01 2.024343000000000115e-01
4.800000000000000000e+04 -5.890952999999999884e-01 2.676960184152152777e+01 1.209015955399999775e+01 2.072239999999999915e-01
4.900000000000000000e+04 -6.014397000000000215e-01 2.681758029610486105e+01 1.217776097972958205e+01 2.116921500000000234e-01
5.000000000000000000e+04 -6.135947000000000484e-01 2.683013063416041533e+01 1.223828582543999666e+01 2.156856000000000051e-01
5.100000000000000000e+04 -6.257127000000000105e-01 2.682283153185486668e+01 1.230248756671833554e+01 2.193936999999999971e-01
5.200000000000000000e+04 -6.378238999999999992e-01 2.679054719366597581e+01 1.235023801933333409e+01 2.231279999999999930e-01
5.300000000000000000e+04 -6.505007000000000428e-01 2.678627946524374437e+01 1.248860466562499916e+01 2.284775000000000000e-01
5.400000000000000000e+04 -6.626076999999999106e-01 2.671468367366042429e+01 1.254227326499958473e+01 2.325375500000000095e-01
5.500000000000000000e+04 -6.747149000000000063e-01 2.662006949430485747e+01 1.257628520234958280e+01 2.370365500000000125e-01
5.600000000000000000e+04 -6.871462999999999877e-01 2.653173787474375800e+01 1.266096436329166863e+01 2.417954999999999965e-01
5.700000000000000000e+04 -6.990551000000000403e-01 2.638224459472152006e+01 1.266731566172666312e+01 2.454342000000000190e-01
5.800000000000000000e+04 -7.113372000000000028e-01 2.623953540945556284e+01 1.270997193473291809e+01 2.500560499999999742e-01
5.900000000000000000e+04 -7.238843999999999834e-01 2.609848079421110967e+01 1.279482526733166559e+01 2.549800999999999873e-01
6.000000000000000000e+04 -7.357257999999999853e-01 2.588142716766388318e+01 1.275216066684625105e+01 2.579043500000000044e-01
6.100000000000000000e+04 -7.480464999999999476e-01 2.567747241928819690e+01 1.277760433796624895e+01 2.624195500000000014e-01
6.200000000000000000e+04 -7.601103000000000165e-01 2.543431714124374210e+01 1.276071752959957983e+01 2.662359499999999990e-01
6.300000000000000000e+04 -7.727787999999999879e-01 2.521697376878890040e+01 1.281808925314000014e+01 2.711954000000000309e-01
6.400000000000000000e+04 -7.850909000000000360e-01 2.494921206508264078e+01 1.282310299694625222e+01 2.756463499999999844e-01
6.500000000000000000e+04 -7.970401999999999765e-01 2.464409941555278039e+01 1.280864588452667086e+01 2.792721999999999705e-01
6.600000000000000000e+04 -8.091323000000000265e-01 2.432174847893819347e+01 1.277724965431625215e+01 2.833689500000000083e-01
6.700000000000000000e+04 -8.212945000000000384e-01 2.398318814373263663e+01 1.273346432357958236e+01 2.874923500000000076e-01
6.800000000000000000e+04 -8.340627999999999931e-01 2.366090247612222797e+01 1.277207389979833252e+01 2.930011000000000143e-01
6.900000000000000000e+04 -8.461805000000000021e-01 2.327887252914931793e+01 1.273238098056000211e+01 2.974892000000000092e-01
7.000000000000000000e+04 -8.588858000000000326e-01 2.290779892766388315e+01 1.274696894333291830e+01 3.031624499999999722e-01
7.100000000000000000e+04 -8.707264000000001225e-01 2.247108196826665605e+01 1.268741038171833502e+01 3.064186999999999883e-01
7.200000000000000000e+04 -8.833141999999999383e-01 2.205197792210834606e+01 1.266561196549624846e+01 3.115026499999999920e-01
7.300000000000000000e+04 -8.953127999999999087e-01 2.158273764973334252e+01 1.258406326891833338e+01 3.155092999999999925e-01
7.400000000000000000e+04 -9.076935000000000420e-01 2.111311979567706842e+01 1.252817250277958472e+01 3.201588499999999948e-01
7.500000000000000000e+04 -9.202687000000000506e-01 2.062936686113264173e+01 1.247515874922667223e+01 3.249407999999999741e-01
7.600000000000000000e+04 -9.322175999999999796e-01 2.009494001737776614e+01 1.236999599883291800e+01 3.285700500000000024e-01
7.700000000000000000e+04 -9.450175000000000658e-01 1.958008289539930047e+01 1.234423439439958337e+01 3.339239500000000249e-01
7.800000000000000000e+04 -9.573121999999999465e-01 1.901978414799723183e+01 1.225931473479833755e+01 3.384511000000000047e-01
7.900000000000000000e+04 -9.701030999999999960e-01 1.845614669238818806e+01 1.219140955353999978e+01 3.438626000000000182e-01
8.000000000000000000e+04 -9.828272999999999593e-01 1.787241592879930607e+01 1.212952642829332817e+01 3.490532000000000079e-01
8.100000000000000000e+04 -9.953154999999999086e-01 1.725462544859375669e+01 1.202854793623292196e+01 3.537660499999999986e-01
8.200000000000000000e+04 -1.007482500000000059e+00 1.660501716623264201e+01 1.191957139367958263e+01 3.578743500000000077e-01
8.300000000000000000e+04 -1.020252700000000123e+00 1.595508007935485750e+01 1.182560044928291099e+01 3.634530500000000552e-01
8.400000000000000000e+04 -1.032603199999999832e+00 1.526946689928890066e+01 1.171276972753166845e+01 3.676308999999999827e-01
8.500000000000000000e+04 -1.044608900000000062e+00 1.454980187783262835e+01 1.157066477009625061e+01 3.713306500000000399e-01
8.600000000000000000e+04 -1.057007699999999994e+00 1.382134132921595970e+01 1.144130157265625058e+01 3.761637499999999634e-01
8.700000000000000000e+04 -1.068806900000000004e+00 1.306117649391597269e+01 1.128740352316666140e+01 3.797310000000000407e-01
8.800000000000000000e+04 -1.080818899999999916e+00 1.228441308352708283e+01 1.115198190763292274e+01 3.830020499999999828e-01
8.900000000000000000e+04 -1.092927600000000110e+00 1.148446383043333086e+01 1.097771415393166627e+01 3.866621000000000086e-01
9.000000000000000000e+04 -1.105089100000000046e+00 1.066730819869374258e+01 1.081478582688292001e+01 3.907970499999999792e-01
9.100000000000000000e+04 -1.117596000000000034e+00 9.835484776666651996e+00 1.065668241805166971e+01 3.955262999999999973e-01
9.200000000000000000e+04 -1.129986200000000052e+00 8.978777208997220427e+00 1.045631220400000139e+01 4.001740000000000297e-01
9.300000000000000000e+04 -1.142366100000000051e+00 8.103758650749316672e+00 1.029299726740625864e+01 4.043932499999999819e-01
9.400000000000000000e+04 -1.155089100000000091e+00 7.211789587582643435e+00 1.009959820359958726e+01 4.095240499999999728e-01
9.500000000000000000e+04 -1.167104499999999989e+00 6.286725630538209764e+00 9.890867993489591115e+00 4.133062499999999861e-01
9.600000000000000000e+04 -1.179562299999999953e+00 5.346983015188180310e+00 9.686382337931664921e+00 4.179171000000000413e-01
9.700000000000000000e+04 -1.192090300000000047e+00 4.389132058743750342e+00 9.498799482489584278e+00 4.225102499999999761e-01
9.800000000000000000e+04 -1.204771099999999873e+00 3.407086639221524660e+00 9.269385444159995657e+00 4.280251999999999946e-01
9.900000000000000000e+04 -1.216844700000000001e+00 2.400820214021513799e+00 9.032148589166249408e+00 4.321500499999999523e-01
