0.000000000000000000e+00 -5.900000000000000262e-06 2.417336937500000446e-04 6.016606499999999736e-05 1.900000000000000020e-06
1.000000000000000000e+03 -1.333209999999999951e-02 1.240012229832639035e+00 6.972723740516666435e-01 6.166300000000000427e-03
2.000000000000000000e+03 -2.550460000000000227e-02 2.250573290197222409e+00 1.060096928962916740e+00 1.026584999999999998e-02
3.000000000000000000e+03 -3.732459999999999944e-02 3.181636682975000241e+00 1.319721202251666670e+00 1.361569999999999968e-02
4.000000000000000000e+03 -4.947949999999999571e-02 4.147046394427083449e+00 1.611416343131666817e+00 1.729889999999999900e-02
5.000000000000000000e+03 -6.199220000000000425e-02 5.151357995775000198e+00 2.031573680826666894e+00 2.197520000000000029e-02
6.000000000000000000e+03 -7.397080000000000322e-02 6.046329496344444721e+00 2.325757375731666965e+00 2.578309999999999977e-02
7.000000000000000000e+03 -8.630000000000000171e-02 6.977953472222223397e+00 2.727172290899583462e+00 3.047645000000000215e-02
8.000000000000000000e+03 -9.848529999999999784e-02 7.869529075271528562e+00 3.082911668985000020e+00 3.481030000000000235e-02
9.000000000000000000e+03 -1.105066999999999994e-01 8.713105295493750901e+00 3.394969598462916682e+00 3.874414999999999804e-02
1.000000000000000000e+04 -1.228769999999999862e-01 9.589706449374999053e+00 3.775544163239583639e+00 4.341924999999999951e-02
1.100000000000000000e+04 -1.354433999999999916e-01 1.047600606919722388e+01 4.192460975729582984e+00 4.837214999999999571e-02
1.200000000000000000e+04 -1.474035999999999957e-01 1.124543421576666802e+01 4.434663461946250607e+00 5.205364999999999298e-02
1.300000000000000000e+04 -1.598210000000000186e-01 1.206628138604166978e+01 4.802948287599582144e+00 5.668404999999999971e-02
1.400000000000000000e+04 -1.718589000000000089e-01 1.280627677019375099e+01 5.064487753593333252e+00 6.064379999999999771e-02
1.500000000000000000e+04 -1.843255999999999784e-01 1.358923966559999741e+01 5.411580518499582659e+00 6.539005000000000511e-02
1.600000000000000000e+04 -1.964028000000000163e-01 1.429351973278888899e+01 5.633014642779583525e+00 6.904114999999999558e-02
1.700000000000000000e+04 -2.081680999999999948e-01 1.493719646822152747e+01 5.840477201265000140e+00 7.248290000000000288e-02
1.800000000000000000e+04 -2.203659000000000034e-01 1.561880479980485958e+01 6.059902904866251383e+00 7.609444999999999404e-02
1.900000000000000000e+04 -2.331576999999999955e-01 1.636603693963263595e+01 6.455558764625000556e+00 8.132849999999999802e-02
2.000000000000000000e+04 -2.455043999999999838e-01 1.702762760976666812e+01 6.741683382316251638e+00 8.573854999999999671e-02
2.100000000000000000e+04 -2.576764000000000276e-01 1.764684770021110793e+01 6.973748371451666372e+00 8.966269999999999796e-02
2.200000000000000000e+04 -2.704833999999999850e-01 1.833334057808610851e+01 7.345737742579583340e+00 9.487234999999999419e-02
2.300000000000000000e+04 -2.826415999999999928e-01 1.890332194093333484e+01 7.561645295322917626e+00 9.885175000000000212e-02
2.400000000000000000e+04 -2.952119000000000271e-01 1.951171382627708439e+01 7.901837771093333629e+00 1.039688000000000001e-01
2.500000000000000000e+04 -3.078141999999999823e-01 2.009833321377499971e+01 8.262538545916251920e+00 1.094950499999999965e-01
2.600000000000000000e+04 -3.200650999999999913e-01 2.061798588624930773e+01 8.506682884179584292e+00 1.140156499999999962e-01
2.700000000000000000e+04 -3.330814000000000275e-01 2.121751173430833504e+01 8.927757278862918255e+00 1.200638499999999997e-01
2.800000000000000000e+04 -3.455291999999999808e-01 2.172187582967778141e+01 9.171081936560002035e+00 1.244491999999999959e-01
2.900000000000000000e+04 -3.580230000000000357e-01 2.221091107437499801e+01 9.440131490739585018e+00 1.292707499999999898e-01
3.000000000000000000e+04 -3.700576000000000421e-01 2.261907740848888793e+01 9.587812372958333995e+00 1.331215000000000037e-01
3.100000000000000000e+04 -3.829038000000000164e-01 2.311054749621944637e+01 9.932534271040001528e+00 1.385876000000000052e-01
3.200000000000000000e+04 -3.954180000000000472e-01 2.353222842194444553e+01 1.017452560725166677e+01 1.436657000000000073e-01
3.300000000000000000e+04 -4.076483000000000190e-01 2.390301170188263669e+01 1.034421974453291604e+01 1.476119500000000195e-01
3.400000000000000000e+04 -4.199177000000000048e-01 2.425446987685485922e+01 1.050443080002958318e+01 1.515538500000000177e-01
3.500000000000000000e+04 -4.326527000000000012e-01 2.463958654046597374e+01 1.077866801490625193e+01 1.570407500000000067e-01
3.600000000000000000e+04 -4.460891000000000162e-01 2.508549707369374815e+01 1.118411265079833328e+01 1.636038999999999966e-01
3.700000000000000000e+04 -4.585043999999999786e-01 2.539138494310000027e+01 1.139780039951833324e+01 1.684983000000000175e-01
3.800000000000000000e+04 -4.706492999999999927e-01 2.564597523677153035e+01 1.152094841732958486e+01 1.721798499999999954e-01
3.900000000000000000e+04 -4.831407000000000340e-01 2.591486784746596683e+01 1.172180234591833070e+01 1.772857000000000183e-01
4.000000000000000000e+04 -4.953721999999999848e-01 2.613391315744166477e+01 1.184519126442958203e+01 1.814893500000000215e-01
4.100000000000000000e+04 -5.077206000000000774e-01 2.634232821775277955e+01 1.199444481666666640e+01 1.863400000000000056e-01
4.200000000000000000e+04 -5.199134999999999174e-01 2.651927427206597798e+01 1.210250015969958426e+01 1.905155500000000057e-01
4.300000000000000000e+04 -5.323582000000000036e-01 2.669610131199722503e+01 1.220878836743999862e+01 1.947256000000000264e-01
4.400000000000000000e+04 -5.450420000000000265e-01 2.687872876638888897e+01 1.238439588515625012e+01 1.999262499999999998e-01
4.500000000000000000e+04 -5.570311999999999486e-01 2.697317709906667105e+01 1.245166074291291380e+01 2.037876500000000146e-01
4.600000000000000000e+04 -5.692943000000000309e-01 2.707411423524374783e+01 1.257872114321291690e+01 2.082991499999999885e-01
4.700000000000000000e+04 -5.814945999999999726e-01 2.714533584519722353e+01 1.264890455397958391e+01 2.121803500000000176e-01
4.800000000000000000e+04 -5.934342000000000228e-01 2.717320251877499970e+01 1.268931793634000194e+01 2.158513999999999988e-01
4.900000000000000000e+04 -6.053148999999999891e-01 2.717651561374930935e+01 1.271148707001625233e+01 2.190890500000000074e-01
5.000000000000000000e+04 -6.179393000000000802e-01 2.722581989691041571e+01 1.285199743042666576e+01 2.240912000000000182e-01
5.100000000000000000e+04 -6.302591000000000721e-01 2.722597443522152716e+01 1.292577099396625151e+01 2.285404500000000061e-01
5.200000000000000000e+04 -6.421793000000000085e-01 2.717007067024375644e+01 1.294119759291625193e+01 2.321374499999999952e-01
5.300000000000000000e+04 -6.547207000000000443e-01 2.714738208274374287e+01 1.304016349516291662e+01 2.370698499999999986e-01
5.400000000000000000e+04 -6.674375000000000169e-01 2.711547656901041492e+01 1.316207756859833289e+01 2.426029000000000102e-01
5.500000000000000000e+04 -6.796972000000000014e-01 2.702511960501111332e+01 1.321366908261291861e+01 2.471736500000000225e-01
5.600000000000000000e+04 -6.920686000000000337e-01 2.692350464541943822e+01 1.326254882501291910e+01 2.516968500000000275e-01
5.700000000000000000e+04 -7.048699999999999966e-01 2.683403035416667848e+01 1.336243934224000007e+01 2.573284000000000127e-01
5.800000000000000000e+04 -7.173202999999999108e-01 2.669430251443820268e+01 1.341935251767333348e+01 2.618913999999999964e-01
5.900000000000000000e+04 -7.301942999999999628e-01 2.656642411441041318e+01 1.351522862948958092e+01 2.671657499999999796e-01
6.000000000000000000e+04 -7.423446999999999685e-01 2.636132440152152157e+01 1.351827100296291739e+01 2.713666499999999870e-01
6.100000000000000000e+04 -7.548000000000000265e-01 2.615790527777777541e+01 1.354279549466291854e+01 2.760598499999999955e-01
6.200000000000000000e+04 -7.673363999999999185e-01 2.593749661354445735e+01 1.357115632877958333e+01 2.813163499999999928e-01
6.300000000000000000e+04 -7.790989999999999860e-01 2.564399668048611147e+01 1.349778107456624632e+01 2.849035500000000054e-01
6.400000000000000000e+04 -7.916219999999999368e-01 2.538232674416666868e+01 1.351231891358500192e+01 2.893706999999999807e-01
6.500000000000000000e+04 -8.044565000000000188e-01 2.511813351442707898e+01 1.352866423896625037e+01 2.947595499999999813e-01
6.600000000000000000e+04 -8.171053999999999817e-01 2.482029647853056176e+01 1.353858774066499571e+01 2.998449000000000253e-01
6.700000000000000000e+04 -8.296975999999999241e-01 2.449864323293334678e+01 1.354505345586000153e+01 3.045977999999999741e-01
6.800000000000000000e+04 -8.426369999999999694e-01 2.417337890493055852e+01 1.356212021631833231e+01 3.102952999999999961e-01
6.900000000000000000e+04 -8.556301000000000601e-01 2.382769381763818473e+01 1.356857862823958172e+01 3.157207499999999945e-01
7.000000000000000000e+04 -8.680459000000000369e-01 2.342670767313818558e+01 1.352040816686625568e+01 3.204480499999999843e-01
7.100000000000000000e+04 -8.803242000000000012e-01 2.299458756210832888e+01 1.344249946191625078e+01 3.247225499999999432e-01
7.200000000000000000e+04 -8.926192000000000570e-01 2.254113679106666268e+01 1.335867746640625597e+01 3.293787499999999979e-01
7.300000000000000000e+04 -9.054018000000000344e-01 2.209395559421943744e+01 1.332718199709958462e+01 3.347140499999999852e-01
7.400000000000000000e+04 -9.171046999999999949e-01 2.157971515541041541e+01 1.323168977978500216e+01 3.379126999999999548e-01
7.500000000000000000e+04 -9.291099999999999914e-01 2.105267957638888277e+01 1.311594600951624834e+01 3.415065500000000198e-01
7.600000000000000000e+04 -9.414137999999999673e-01 2.052220633121944715e+01 1.303575981326500255e+01 3.460178999999999894e-01
7.700000000000000000e+04 -9.538579999999999837e-01 1.997364165527777757e+01 1.294034891172958623e+01 3.507478499999999721e-01
7.800000000000000000e+04 -9.659723999999999533e-01 1.939143197487778281e+01 1.281845703731833375e+01 3.550852999999999926e-01
7.900000000000000000e+04 -9.777437999999999407e-01 1.877420496955278395e+01 1.267354778553291617e+01 3.584655500000000217e-01
8.000000000000000000e+04 -9.900132999999999850e-01 1.815467894604930521e+01 1.254913885761291859e+01 3.626111499999999932e-01
8.100000000000000000e+04 -1.002019800000000016e+00 1.750809669499722077e+01 1.241075155086499571e+01 3.662941000000000114e-01
8.200000000000000000e+04 -1.014154299999999953e+00 1.684317769385486585e+01 1.227767672260667631e+01 3.697793999999999803e-01
8.300000000000000000e+04 -1.026598000000000122e+00 1.616769905527777240e+01 1.214538204776625108e+01 3.743115499999999929e-01
8.400000000000000000e+04 -1.038707500000000117e+00 1.546302391970486134e+01 1.200799132861291518e+01 3.780536500000000188e-01
8.500000000000000000e+04 -1.051223000000000019e+00 1.474902987993055525e+01 1.186448875629958799e+01 3.828820499999999738e-01
8.600000000000000000e+04 -1.063810200000000039e+00 1.401441460944166373e+01 1.171280543078291814e+01 3.879630499999999760e-01
8.700000000000000000e+04 -1.076203900000000102e+00 1.325329948783264200e+01 1.155417979184958632e+01 3.925790499999999850e-01
8.800000000000000000e+04 -1.088408800000000065e+00 1.246648375573333034e+01 1.139201958313291563e+01 3.966720500000000538e-01
8.900000000000000000e+04 -1.101033999999999846e+00 1.166525214194445681e+01 1.122111281293291185e+01 4.017640500000000392e-01
9.000000000000000000e+04 -1.113644800000000101e+00 1.084459732173333002e+01 1.105686473357333632e+01 4.067815999999999654e-01
9.100000000000000000e+04 -1.125989799999999930e+00 9.996498631663889967e+00 1.085757242082291540e+01 4.113622500000000404e-01
9.200000000000000000e+04 -1.138845300000000060e+00 9.137821921382649037e+00 1.067075604622958451e+01 4.169253499999999724e-01
9.300000000000000000e+04 -1.151240499999999889e+00 8.249427511093751164e+00 1.048106927473167005e+01 4.214130999999999849e-01
9.400000000000000000e+04 -1.163618400000000053e+00 7.336511609822220947e+00 1.025848886849999708e+01 4.262670000000000070e-01
9.500000000000000000e+04 -1.176034800000000047e+00 6.405076332566661534e+00 1.003412426933332924e+01 4.308720000000000327e-01
9.600000000000000000e+04 -1.187771899999999992e+00 5.445757539610415421e+00 9.811431381673333618e+00 4.338886000000000132e-01
9.700000000000000000e+04 -1.200299200000000122e+00 4.470601977733319465e+00 9.590619497958339679e+00 4.384964999999999558e-01
9.800000000000000000e+04 -1.212830799999999876e+00 3.477398511900004596e+00 9.363760834251666054e+00 4.432892999999999972e-01
9.900000000000000000e+04 -1.225009900000000096e+00 2.459740965415979641e+00 9.116095382132918701e+00 4.476679500000000367e-01
